 DIRECT LATTICE VECTOR COMPONENTS (ANGSTROM)
         5.0000000    0.0000000    0.0000000
         0.0000000    5.0000000    0.0000000
         0.0000000    0.0000000    5.0000000

 OVERLAP MATRIX - CELL N.   1(  0  0  0)

                 1              2              3              4

   1     1.0000000E+00
   2     1.0000000E-01  1.0000000E+00
   3     5.0000000E-02  1.0000000E-01  1.0000000E+00
   4     2.0000000E-02  5.0000000E-02  1.0000000E-01  1.0000000E+00

 OVERLAP MATRIX - CELL N.   2(  1  0  0)

                 1              2              3              4

   1     5.0000000E-02
   2     2.0000000E-02  5.0000000E-02
   3     1.0000000E-02  2.0000000E-02  5.0000000E-02
   4     5.0000000E-03  1.0000000E-02  2.0000000E-02  5.0000000E-02

 OVERLAP MATRIX - CELL N.   3( -1  0  0)

                 1              2              3              4

   1     5.0000000E-02
   2     2.0000000E-02  5.0000000E-02
   3     1.0000000E-02  2.0000000E-02  5.0000000E-02
   4     5.0000000E-03  1.0000000E-02  2.0000000E-02  5.0000000E-02

 ALPHA_ALPHA ELECTRONS

 FOCK MATRIX (REAL PART) - CELL N.   1(  0  0  0)

                 1              2              3              4

   1    -5.0000000E+00
   2     5.0000000E-01 -3.0000000E+00
   3     2.0000000E-01  5.0000000E-01 -4.0000000E+00
   4     1.0000000E-01  2.0000000E-01  5.0000000E-01 -3.5000000E+00

 FOCK MATRIX (IMAG PART) - CELL N.   1(  0  0  0)

                 1              2              3              4

   1     0.0000000E+00
   2    -1.0000000E-01  0.0000000E+00
   3    -5.0000000E-02 -1.0000000E-01  0.0000000E+00
   4    -2.0000000E-02 -5.0000000E-02 -1.0000000E-01  0.0000000E+00

 FOCK MATRIX (REAL PART) - CELL N.   2(  1  0  0)

                 1              2              3              4

   1    -2.0000000E-01
   2     5.0000000E-02 -1.5000000E-01
   3     2.0000000E-02  5.0000000E-02 -1.8000000E-01
   4     1.0000000E-02  2.0000000E-02  5.0000000E-02 -1.6000000E-01

 FOCK MATRIX (IMAG PART) - CELL N.   2(  1  0  0)

                 1              2              3              4

   1     0.0000000E+00
   2    -2.0000000E-02  0.0000000E+00
   3    -1.0000000E-02 -2.0000000E-02  0.0000000E+00
   4    -5.0000000E-03 -1.0000000E-02 -2.0000000E-02  0.0000000E+00

 FOCK MATRIX (REAL PART) - CELL N.   3( -1  0  0)

                 1              2              3              4

   1    -2.0000000E-01
   2     5.0000000E-02 -1.5000000E-01
   3     2.0000000E-02  5.0000000E-02 -1.8000000E-01
   4     1.0000000E-02  2.0000000E-02  5.0000000E-02 -1.6000000E-01

 FOCK MATRIX (IMAG PART) - CELL N.   3( -1  0  0)

                 1              2              3              4

   1     0.0000000E+00
   2     2.0000000E-02  0.0000000E+00
   3     1.0000000E-02  2.0000000E-02  0.0000000E+00
   4     5.0000000E-03  1.0000000E-02  2.0000000E-02  0.0000000E+00

 BETA_BETA ELECTRONS

 FOCK MATRIX (REAL PART) - CELL N.   1(  0  0  0)

                 1              2              3              4

   1    -5.0000000E+00
   2     5.0000000E-01 -3.0000000E+00
   3     2.0000000E-01  5.0000000E-01 -4.0000000E+00
   4     1.0000000E-01  2.0000000E-01  5.0000000E-01 -3.5000000E+00

 FOCK MATRIX (IMAG PART) - CELL N.   1(  0  0  0)

                 1              2              3              4

   1     0.0000000E+00
   2    -1.0000000E-01  0.0000000E+00
   3    -5.0000000E-02 -1.0000000E-01  0.0000000E+00
   4    -2.0000000E-02 -5.0000000E-02 -1.0000000E-01  0.0000000E+00

 FOCK MATRIX (REAL PART) - CELL N.   2(  1  0  0)

                 1              2              3              4

   1    -2.0000000E-01
   2     5.0000000E-02 -1.5000000E-01
   3     2.0000000E-02  5.0000000E-02 -1.8000000E-01
   4     1.0000000E-02  2.0000000E-02  5.0000000E-02 -1.6000000E-01

 FOCK MATRIX (IMAG PART) - CELL N.   2(  1  0  0)

                 1              2              3              4

   1     0.0000000E+00
   2    -2.0000000E-02  0.0000000E+00
   3    -1.0000000E-02 -2.0000000E-02  0.0000000E+00
   4    -5.0000000E-03 -1.0000000E-02 -2.0000000E-02  0.0000000E+00

 FOCK MATRIX (REAL PART) - CELL N.   3( -1  0  0)

                 1              2              3              4

   1    -2.0000000E-01
   2     5.0000000E-02 -1.5000000E-01
   3     2.0000000E-02  5.0000000E-02 -1.8000000E-01
   4     1.0000000E-02  2.0000000E-02  5.0000000E-02 -1.6000000E-01

 FOCK MATRIX (IMAG PART) - CELL N.   3( -1  0  0)

                 1              2              3              4

   1     0.0000000E+00
   2     2.0000000E-02  0.0000000E+00
   3     1.0000000E-02  2.0000000E-02  0.0000000E+00
   4     5.0000000E-03  1.0000000E-02  2.0000000E-02  0.0000000E+00

 ALPHA_BETA ELECTRONS

 FOCK MATRIX (REAL PART) - CELL N.   1(  0  0  0)

                 1              2              3              4

   1     0.0000000E+00
   2     0.0000000E+00  0.0000000E+00
   3     0.0000000E+00  0.0000000E+00  0.0000000E+00
   4     0.0000000E+00  0.0000000E+00  0.0000000E+00  0.0000000E+00

 FOCK MATRIX (IMAG PART) - CELL N.   1(  0  0  0)

                 1              2              3              4

   1     0.0000000E+00
   2     0.0000000E+00  0.0000000E+00
   3     0.0000000E+00  0.0000000E+00  0.0000000E+00
   4     0.0000000E+00  0.0000000E+00  0.0000000E+00  0.0000000E+00

 FOCK MATRIX (REAL PART) - CELL N.   2(  1  0  0)

                 1              2              3              4

   1     0.0000000E+00
   2     0.0000000E+00  0.0000000E+00
   3     0.0000000E+00  0.0000000E+00  0.0000000E+00
   4     0.0000000E+00  0.0000000E+00  0.0000000E+00  0.0000000E+00

 FOCK MATRIX (IMAG PART) - CELL N.   2(  1  0  0)

                 1              2              3              4

   1     0.0000000E+00
   2     0.0000000E+00  0.0000000E+00
   3     0.0000000E+00  0.0000000E+00  0.0000000E+00
   4     0.0000000E+00  0.0000000E+00  0.0000000E+00  0.0000000E+00

 FOCK MATRIX (REAL PART) - CELL N.   3( -1  0  0)

                 1              2              3              4

   1     0.0000000E+00
   2     0.0000000E+00  0.0000000E+00
   3     0.0000000E+00  0.0000000E+00  0.0000000E+00
   4     0.0000000E+00  0.0000000E+00  0.0000000E+00  0.0000000E+00

 FOCK MATRIX (IMAG PART) - CELL N.   3( -1  0  0)

                 1              2              3              4

   1     0.0000000E+00
   2     0.0000000E+00  0.0000000E+00
   3     0.0000000E+00  0.0000000E+00  0.0000000E+00
   4     0.0000000E+00  0.0000000E+00  0.0000000E+00  0.0000000E+00

 BETA_ALPHA ELECTRONS

 FOCK MATRIX (REAL PART) - CELL N.   1(  0  0  0)

                 1              2              3              4

   1     0.0000000E+00
   2     0.0000000E+00  0.0000000E+00
   3     0.0000000E+00  0.0000000E+00  0.0000000E+00
   4     0.0000000E+00  0.0000000E+00  0.0000000E+00  0.0000000E+00

 FOCK MATRIX (IMAG PART) - CELL N.   1(  0  0  0)

                 1              2              3              4

   1     0.0000000E+00
   2     0.0000000E+00  0.0000000E+00
   3     0.0000000E+00  0.0000000E+00  0.0000000E+00
   4     0.0000000E+00  0.0000000E+00  0.0000000E+00  0.0000000E+00

 FOCK MATRIX (REAL PART) - CELL N.   2(  1  0  0)

                 1              2              3              4

   1     0.0000000E+00
   2     0.0000000E+00  0.0000000E+00
   3     0.0000000E+00  0.0000000E+00  0.0000000E+00
   4     0.0000000E+00  0.0000000E+00  0.0000000E+00  0.0000000E+00

 FOCK MATRIX (IMAG PART) - CELL N.   2(  1  0  0)

                 1              2              3              4

   1     0.0000000E+00
   2     0.0000000E+00  0.0000000E+00
   3     0.0000000E+00  0.0000000E+00  0.0000000E+00
   4     0.0000000E+00  0.0000000E+00  0.0000000E+00  0.0000000E+00

 FOCK MATRIX (REAL PART) - CELL N.   3( -1  0  0)

                 1              2              3              4

   1     0.0000000E+00
   2     0.0000000E+00  0.0000000E+00
   3     0.0000000E+00  0.0000000E+00  0.0000000E+00
   4     0.0000000E+00  0.0000000E+00  0.0000000E+00  0.0000000E+00

 FOCK MATRIX (IMAG PART) - CELL N.   3( -1  0  0)

                 1              2              3              4

   1     0.0000000E+00
   2     0.0000000E+00  0.0000000E+00
   3     0.0000000E+00  0.0000000E+00  0.0000000E+00
   4     0.0000000E+00  0.0000000E+00  0.0000000E+00  0.0000000E+00
